   0.0000000e+00   1.2898663e-14
   9.9999995e-01   6.2560398e-15
   1.9999999e+00   6.8375868e-17
   2.9999999e+00   4.4746161e-17
   3.9999998e+00   3.0659463e-17
   4.9999998e+00   3.5242057e-17
   5.9999997e+00   3.7603189e-17
   6.9999997e+00   3.1453197e-17
   7.9999996e+00   3.3613880e-17
   8.9999996e+00   3.5232081e-17
   9.9999995e+00   3.2942723e-17
   1.0999999e+01   4.3243592e-17
   1.1999999e+01   5.9475537e-17
   1.2999999e+01   5.2724877e-17
   1.3999999e+01   4.3173373e-17
   1.4999999e+01   5.9749625e-17
   1.5999999e+01   6.5756950e-17
   1.6999999e+01   7.9486645e-17
   1.7999999e+01   8.7322443e-17
   1.8999999e+01   8.9589417e-17
   1.9999999e+01   1.3011733e-16
   2.0999999e+01   1.3813328e-16
   2.1999999e+01   1.9312086e-16
   2.2999999e+01   1.5381554e-16
   2.3999999e+01   1.9480506e-16
   2.4999999e+01   2.8081475e-16
   2.5999999e+01   3.0713423e-16
   2.6999999e+01   2.5148703e-16
   2.7999999e+01   2.4634106e-16
   2.8999999e+01   2.6795191e-16
   2.9999999e+01   3.8657581e-16
   3.0999999e+01   5.0538631e-16
   3.1999998e+01   4.3804821e-16
   3.2999998e+01   4.0423770e-16
   3.3999998e+01   3.3752567e-16
   3.4999998e+01   4.0732126e-16
   3.5999998e+01   5.6703778e-16
   3.6999998e+01   6.9001601e-16
   3.7999998e+01   6.2530643e-16
   3.8999998e+01   4.3716725e-16
   3.9999998e+01   3.8687776e-16
   4.0999998e+01   2.6110496e-16
   4.1999998e+01   2.2191918e-16
   4.2999998e+01   2.2827955e-16
   4.3999998e+01   1.9079026e-16
   4.4999998e+01   2.5306663e-16
   4.5999998e+01   2.6790558e-16
   4.6999998e+01   2.2904759e-16
   4.7999998e+01   1.4534290e-16
   4.8999998e+01   1.0855967e-16
   4.9999998e+01   6.8371892e-17
   5.0999998e+01   5.2727266e-17
   5.1999998e+01   5.3172946e-17
   5.2999997e+01   3.4916724e-17
   5.3999997e+01   2.6126375e-17
   5.4999997e+01   2.3711802e-17
   5.5999997e+01   2.3946294e-17
   5.6999997e+01   2.7140806e-17
   5.7999997e+01   3.3572944e-17
   5.8999997e+01   1.0569352e-16
   5.9999997e+01   1.1432341e-16
   6.0999997e+01   2.0944735e-17
   6.1999997e+01   1.8265311e-17
   6.2999997e+01   2.3001959e-17
   6.3999997e+01   2.7416421e-17
   6.4999997e+01   2.7860107e-17
   6.5999997e+01   2.0625070e-17
   6.6999997e+01   2.5463668e-17
   6.7999997e+01   2.7738171e-17
   6.8999997e+01   3.7558947e-17
   6.9999997e+01   2.5876237e-17
   7.0999997e+01   2.2144910e-17
   7.1999997e+01   2.3489299e-17
   7.2999997e+01   1.8784772e-17
   7.3999996e+01   1.8380730e-17
   7.4999996e+01   1.7486444e-17
   7.5999996e+01   1.7461597e-17
   7.6999996e+01   1.6762454e-17
   7.7999996e+01   1.7516264e-17
   7.8999996e+01   1.7132809e-17
   7.9999996e+01   2.6627420e-17
   8.0999996e+01   2.7027666e-17
   8.1999996e+01   2.7746838e-17
   8.2999996e+01   2.9072758e-17
   8.3999996e+01   2.2815824e-17
   8.4999996e+01   2.4318660e-17
   8.5999996e+01   2.5447975e-17
   8.6999996e+01   2.1907692e-17
   8.7999996e+01   2.0279506e-17
   8.8999996e+01   2.1364153e-17
   8.9999996e+01   2.6844344e-17
   9.0999996e+01   2.2474098e-17
   9.1999996e+01   1.7384614e-17
   9.2999996e+01   1.6436946e-17
   9.3999996e+01   1.8695350e-17
   9.4999995e+01   2.0467603e-17
   9.5999995e+01   1.8902859e-17
   9.6999995e+01   1.5409481e-17
   9.7999995e+01   1.4316158e-17
   9.8999995e+01   1.2368875e-17
   9.9999995e+01   1.6913854e-17
   1.0100000e+02   2.3343238e-17
   1.0200000e+02   2.0982265e-17
   1.0300000e+02   1.9641774e-17
   1.0400000e+02   1.5002836e-17
   1.0500000e+02   1.2873987e-17
   1.0599999e+02   1.2321019e-17
   1.0699999e+02   1.3336413e-17
   1.0799999e+02   1.3394507e-17
   1.0899999e+02   1.1407550e-17
   1.0999999e+02   1.3586390e-17
   1.1099999e+02   1.1814807e-17
   1.1199999e+02   1.2378062e-17
   1.1299999e+02   1.2853489e-17
   1.1399999e+02   1.2617353e-17
   1.1499999e+02   1.1578057e-17
   1.1599999e+02   9.5447111e-18
   1.1699999e+02   1.1424115e-17
   1.1799999e+02   1.5156842e-17
   1.1899999e+02   1.8942787e-17
   1.1999999e+02   4.7208667e-17
   1.2099999e+02   1.8640905e-17
   1.2199999e+02   1.3468758e-17
   1.2299999e+02   1.1485144e-17
   1.2399999e+02   1.0431542e-17
   1.2499999e+02   8.5161369e-18
   1.2599999e+02   7.3806140e-18
   1.2699999e+02   7.5353957e-18
   1.2799999e+02   1.0499967e-17
   1.2899999e+02   1.6691570e-17
   1.2999999e+02   1.3360856e-17
   1.3099999e+02   6.0601237e-18
   1.3199999e+02   5.1481082e-18
   1.3299999e+02   5.5886726e-18
   1.3399999e+02   6.1156351e-18
   1.3499999e+02   5.4268344e-18
   1.3599999e+02   5.1266495e-18
   1.3699999e+02   4.5639386e-18
   1.3799999e+02   4.7084035e-18
   1.3899999e+02   4.6322096e-18
   1.3999999e+02   3.8852472e-18
   1.4099999e+02   3.8037994e-18
   1.4199999e+02   3.5264494e-18
   1.4299999e+02   3.9244566e-18
   1.4399999e+02   3.7450050e-18
   1.4499999e+02   2.9995070e-18
   1.4599999e+02   2.5901727e-18
   1.4699999e+02   2.3295780e-18
   1.4799999e+02   2.9730713e-18
   1.4899999e+02   2.7956287e-18
   1.4999999e+02   2.7075674e-18
   1.5099999e+02   2.7300982e-18
   1.5199999e+02   2.2646466e-18
   1.5299999e+02   1.9579932e-18
   1.5399999e+02   2.0762581e-18
   1.5499999e+02   1.7813322e-18
   1.5599999e+02   1.9264960e-18
   1.5699999e+02   1.8718287e-18
   1.5799999e+02   1.7572747e-18
   1.5899999e+02   1.9147903e-18
   1.5999999e+02   1.9701933e-18
   1.6099999e+02   1.6613265e-18
   1.6199999e+02   1.5562061e-18
   1.6299999e+02   1.3919754e-18
   1.6399999e+02   1.3056324e-18
   1.6499999e+02   1.3497341e-18
   1.6599999e+02   1.1515274e-18
   1.6699999e+02   8.6760563e-19
   1.6799999e+02   8.9431175e-19
   1.6899999e+02   9.5467451e-19
   1.6999999e+02   1.1113260e-18
   1.7099999e+02   1.7452311e-18
   1.7199999e+02   1.8875501e-18
   1.7299999e+02   1.3328162e-18
   1.7399999e+02   8.4319739e-19
   1.7499999e+02   8.5863432e-19
   1.7599999e+02   8.1282663e-19
   1.7699999e+02   7.4120467e-19
   1.7799999e+02   7.0953362e-19
   1.7899999e+02   8.3195904e-19
   1.7999999e+02   9.7069988e-19
   1.8099999e+02   6.3698664e-19
   1.8199999e+02   5.1933225e-19
   1.8299999e+02   6.3018732e-19
   1.8399999e+02   6.0817332e-19
   1.8499999e+02   5.0465974e-19
   1.8599999e+02   4.3765849e-19
   1.8699999e+02   5.0136068e-19
   1.8799999e+02   5.8834601e-19
   1.8899999e+02   5.9829477e-19
   1.8999999e+02   6.0442438e-19
   1.9099999e+02   5.1084564e-19
   1.9199999e+02   4.8533627e-19
   1.9299999e+02   4.3426808e-19
   1.9399999e+02   4.8388102e-19
   1.9499999e+02   4.3204268e-19
   1.9599999e+02   4.0051105e-19
   1.9699999e+02   3.8977442e-19
   1.9799999e+02   3.9116873e-19
   1.9899999e+02   3.0961095e-19
   1.9999999e+02   2.5714728e-19
   2.0099999e+02   2.0297301e-19
   2.0199999e+02   3.4463470e-19
   2.0299999e+02   3.5887098e-19
   2.0399999e+02   2.4120523e-19
   2.0499999e+02   2.2316803e-19
   2.0599999e+02   2.2592415e-19
   2.0699999e+02   1.8384741e-19
   2.0799999e+02   1.2852028e-19
   2.0899999e+02   8.8842356e-20
   2.0999999e+02   8.9508846e-20
   2.1099999e+02   7.8801921e-20
   2.1199999e+02   7.1027986e-20
   2.1299999e+02   5.7935345e-20
   2.1399999e+02   3.9716989e-20
   2.1499999e+02   2.6928371e-20
   2.1599999e+02   2.1506718e-20
   2.1699999e+02   1.5004351e-20
   2.1799999e+02   1.3543434e-20
   2.1899999e+02   1.2675157e-20
   2.1999999e+02   8.5310467e-21
   2.2099999e+02   5.1782217e-21
   2.2199999e+02   3.9775631e-21
   2.2299999e+02   3.9226420e-21
   2.2399999e+02   2.6331485e-21
   2.2499999e+02   2.5287811e-21
   2.2599999e+02   2.2101721e-21
   2.2699999e+02   2.0359032e-21
   2.2799999e+02   1.9405799e-21
   2.2899999e+02   1.8653035e-21
   2.2999999e+02   1.8481587e-21
   2.3099999e+02   1.8368831e-21
   2.3199999e+02   1.7609428e-21
   2.3299999e+02   1.8097643e-21
   2.3399999e+02   1.7811925e-21
   2.3499999e+02   1.7777159e-21
   2.3599999e+02   1.7680573e-21
   2.3699999e+02   1.7690469e-21
   2.3799999e+02   1.7680336e-21
   2.3899999e+02   1.7615962e-21
   2.3999999e+02   1.7565298e-21
   2.4099999e+02   1.7610373e-21
   2.4199999e+02   1.7549806e-21
   2.4299999e+02   1.7550535e-21
   2.4399999e+02   1.7548011e-21
   2.4499999e+02   1.7512961e-21
   2.4599999e+02   1.7515495e-21
   2.4699999e+02   1.7505741e-21
   2.4799999e+02   1.7504519e-21
   2.4899999e+02   1.7500060e-21
   2.4999999e+02   8.7493231e-22
   0.0000000e+00   1.2898663e-14
   9.9999995e-01   6.2560398e-15
   1.9999999e+00   6.8375868e-17
   2.9999999e+00   4.4746161e-17
   3.9999998e+00   3.0659463e-17
   4.9999998e+00   3.5242057e-17
   5.9999997e+00   3.7603189e-17
   6.9999997e+00   3.1453197e-17
   7.9999996e+00   3.3613880e-17
   8.9999996e+00   3.5232081e-17
   9.9999995e+00   3.2942723e-17
   1.0999999e+01   4.3243592e-17
   1.1999999e+01   5.9475537e-17
   1.2999999e+01   5.2724877e-17
   1.3999999e+01   4.3173373e-17
   1.4999999e+01   5.9749625e-17
   1.5999999e+01   6.5756950e-17
   1.6999999e+01   7.9486645e-17
   1.7999999e+01   8.7322443e-17
   1.8999999e+01   8.9589417e-17
   1.9999999e+01   1.3011733e-16
   2.0999999e+01   1.3813328e-16
   2.1999999e+01   1.9312086e-16
   2.2999999e+01   1.5381554e-16
   2.3999999e+01   1.9480506e-16
   2.4999999e+01   2.8081475e-16
   2.5999999e+01   3.0713423e-16
   2.6999999e+01   2.5148703e-16
   2.7999999e+01   2.4634106e-16
   2.8999999e+01   2.6795191e-16
   2.9999999e+01   3.8657581e-16
   3.0999999e+01   5.0538631e-16
   3.1999998e+01   4.3804821e-16
   3.2999998e+01   4.0423770e-16
   3.3999998e+01   3.3752567e-16
   3.4999998e+01   4.0732126e-16
   3.5999998e+01   5.6703778e-16
   3.6999998e+01   6.9001601e-16
   3.7999998e+01   6.2530643e-16
   3.8999998e+01   4.3716725e-16
   3.9999998e+01   3.8687776e-16
   4.0999998e+01   2.6110496e-16
   4.1999998e+01   2.2191918e-16
   4.2999998e+01   2.2827955e-16
   4.3999998e+01   1.9079026e-16
   4.4999998e+01   2.5306663e-16
   4.5999998e+01   2.6790558e-16
   4.6999998e+01   2.2904759e-16
   4.7999998e+01   1.4534290e-16
   4.8999998e+01   1.0855967e-16
   4.9999998e+01   6.8371892e-17
   5.0999998e+01   5.2727266e-17
   5.1999998e+01   5.3172946e-17
   5.2999997e+01   3.4916724e-17
   5.3999997e+01   2.6126375e-17
   5.4999997e+01   2.3711802e-17
   5.5999997e+01   2.3946294e-17
   5.6999997e+01   2.7140806e-17
   5.7999997e+01   3.3572944e-17
   5.8999997e+01   1.0569352e-16
   5.9999997e+01   1.1432341e-16
   6.0999997e+01   2.0944735e-17
   6.1999997e+01   1.8265311e-17
   6.2999997e+01   2.3001959e-17
   6.3999997e+01   2.7416421e-17
   6.4999997e+01   2.7860107e-17
   6.5999997e+01   2.0625070e-17
   6.6999997e+01   2.5463668e-17
   6.7999997e+01   2.7738171e-17
   6.8999997e+01   3.7558947e-17
   6.9999997e+01   2.5876237e-17
   7.0999997e+01   2.2144910e-17
   7.1999997e+01   2.3489299e-17
   7.2999997e+01   1.8784772e-17
   7.3999996e+01   1.8380730e-17
   7.4999996e+01   1.7486444e-17
   7.5999996e+01   1.7461597e-17
   7.6999996e+01   1.6762454e-17
   7.7999996e+01   1.7516264e-17
   7.8999996e+01   1.7132809e-17
   7.9999996e+01   2.6627420e-17
   8.0999996e+01   2.7027666e-17
   8.1999996e+01   2.7746838e-17
   8.2999996e+01   2.9072758e-17
   8.3999996e+01   2.2815824e-17
   8.4999996e+01   2.4318660e-17
   8.5999996e+01   2.5447975e-17
   8.6999996e+01   2.1907692e-17
   8.7999996e+01   2.0279506e-17
   8.8999996e+01   2.1364153e-17
   8.9999996e+01   2.6844344e-17
   9.0999996e+01   2.2474098e-17
   9.1999996e+01   1.7384614e-17
   9.2999996e+01   1.6436946e-17
   9.3999996e+01   1.8695350e-17
   9.4999995e+01   2.0467603e-17
   9.5999995e+01   1.8902859e-17
   9.6999995e+01   1.5409481e-17
   9.7999995e+01   1.4316158e-17
   9.8999995e+01   1.2368875e-17
   9.9999995e+01   1.6913854e-17
   1.0100000e+02   2.3343238e-17
   1.0200000e+02   2.0982265e-17
   1.0300000e+02   1.9641774e-17
   1.0400000e+02   1.5002836e-17
   1.0500000e+02   1.2873987e-17
   1.0599999e+02   1.2321019e-17
   1.0699999e+02   1.3336413e-17
   1.0799999e+02   1.3394507e-17
   1.0899999e+02   1.1407550e-17
   1.0999999e+02   1.3586390e-17
   1.1099999e+02   1.1814807e-17
   1.1199999e+02   1.2378062e-17
   1.1299999e+02   1.2853489e-17
   1.1399999e+02   1.2617353e-17
   1.1499999e+02   1.1578057e-17
   1.1599999e+02   9.5447111e-18
   1.1699999e+02   1.1424115e-17
   1.1799999e+02   1.5156842e-17
   1.1899999e+02   1.8942787e-17
   1.1999999e+02   4.7208667e-17
   1.2099999e+02   1.8640905e-17
   1.2199999e+02   1.3468758e-17
   1.2299999e+02   1.1485144e-17
   1.2399999e+02   1.0431542e-17
   1.2499999e+02   8.5161369e-18
   1.2599999e+02   7.3806140e-18
   1.2699999e+02   7.5353957e-18
   1.2799999e+02   1.0499967e-17
   1.2899999e+02   1.6691570e-17
   1.2999999e+02   1.3360856e-17
   1.3099999e+02   6.0601237e-18
   1.3199999e+02   5.1481082e-18
   1.3299999e+02   5.5886726e-18
   1.3399999e+02   6.1156351e-18
   1.3499999e+02   5.4268344e-18
   1.3599999e+02   5.1266495e-18
   1.3699999e+02   4.5639386e-18
   1.3799999e+02   4.7084035e-18
   1.3899999e+02   4.6322096e-18
   1.3999999e+02   3.8852472e-18
   1.4099999e+02   3.8037994e-18
   1.4199999e+02   3.5264494e-18
   1.4299999e+02   3.9244566e-18
   1.4399999e+02   3.7450050e-18
   1.4499999e+02   2.9995070e-18
   1.4599999e+02   2.5901727e-18
   1.4699999e+02   2.3295780e-18
   1.4799999e+02   2.9730713e-18
   1.4899999e+02   2.7956287e-18
   1.4999999e+02   2.7075674e-18
   1.5099999e+02   2.7300982e-18
   1.5199999e+02   2.2646466e-18
   1.5299999e+02   1.9579932e-18
   1.5399999e+02   2.0762581e-18
   1.5499999e+02   1.7813322e-18
   1.5599999e+02   1.9264960e-18
   1.5699999e+02   1.8718287e-18
   1.5799999e+02   1.7572747e-18
   1.5899999e+02   1.9147903e-18
   1.5999999e+02   1.9701933e-18
   1.6099999e+02   1.6613265e-18
   1.6199999e+02   1.5562061e-18
   1.6299999e+02   1.3919754e-18
   1.6399999e+02   1.3056324e-18
   1.6499999e+02   1.3497341e-18
   1.6599999e+02   1.1515274e-18
   1.6699999e+02   8.6760563e-19
   1.6799999e+02   8.9431175e-19
   1.6899999e+02   9.5467451e-19
   1.6999999e+02   1.1113260e-18
   1.7099999e+02   1.7452311e-18
   1.7199999e+02   1.8875501e-18
   1.7299999e+02   1.3328162e-18
   1.7399999e+02   8.4319739e-19
   1.7499999e+02   8.5863432e-19
   1.7599999e+02   8.1282663e-19
   1.7699999e+02   7.4120467e-19
   1.7799999e+02   7.0953362e-19
   1.7899999e+02   8.3195904e-19
   1.7999999e+02   9.7069988e-19
   1.8099999e+02   6.3698664e-19
   1.8199999e+02   5.1933225e-19
   1.8299999e+02   6.3018732e-19
   1.8399999e+02   6.0817332e-19
   1.8499999e+02   5.0465974e-19
   1.8599999e+02   4.3765849e-19
   1.8699999e+02   5.0136068e-19
   1.8799999e+02   5.8834601e-19
   1.8899999e+02   5.9829477e-19
   1.8999999e+02   6.0442438e-19
   1.9099999e+02   5.1084564e-19
   1.9199999e+02   4.8533627e-19
   1.9299999e+02   4.3426808e-19
   1.9399999e+02   4.8388102e-19
   1.9499999e+02   4.3204268e-19
   1.9599999e+02   4.0051105e-19
   1.9699999e+02   3.8977442e-19
   1.9799999e+02   3.9116873e-19
   1.9899999e+02   3.0961095e-19
   1.9999999e+02   2.5714728e-19
   2.0099999e+02   2.0297301e-19
   2.0199999e+02   3.4463470e-19
   2.0299999e+02   3.5887098e-19
   2.0399999e+02   2.4120523e-19
   2.0499999e+02   2.2316803e-19
   2.0599999e+02   2.2592415e-19
   2.0699999e+02   1.8384741e-19
   2.0799999e+02   1.2852028e-19
   2.0899999e+02   8.8842356e-20
   2.0999999e+02   8.9508846e-20
   2.1099999e+02   7.8801921e-20
   2.1199999e+02   7.1027986e-20
   2.1299999e+02   5.7935345e-20
   2.1399999e+02   3.9716989e-20
   2.1499999e+02   2.6928371e-20
   2.1599999e+02   2.1506718e-20
   2.1699999e+02   1.5004351e-20
   2.1799999e+02   1.3543434e-20
   2.1899999e+02   1.2675157e-20
   2.1999999e+02   8.5310467e-21
   2.2099999e+02   5.1782217e-21
   2.2199999e+02   3.9775631e-21
   2.2299999e+02   3.9226420e-21
   2.2399999e+02   2.6331485e-21
   2.2499999e+02   2.5287811e-21
   2.2599999e+02   2.2101721e-21
   2.2699999e+02   2.0359032e-21
   2.2799999e+02   1.9405799e-21
   2.2899999e+02   1.8653035e-21
   2.2999999e+02   1.8481587e-21
   2.3099999e+02   1.8368831e-21
   2.3199999e+02   1.7609428e-21
   2.3299999e+02   1.8097643e-21
   2.3399999e+02   1.7811925e-21
   2.3499999e+02   1.7777159e-21
   2.3599999e+02   1.7680573e-21
   2.3699999e+02   1.7690469e-21
   2.3799999e+02   1.7680336e-21
   2.3899999e+02   1.7615962e-21
   2.3999999e+02   1.7565298e-21
   2.4099999e+02   1.7610373e-21
   2.4199999e+02   1.7549806e-21
   2.4299999e+02   1.7550535e-21
   2.4399999e+02   1.7548011e-21
   2.4499999e+02   1.7512961e-21
   2.4599999e+02   1.7515495e-21
   2.4699999e+02   1.7505741e-21
   2.4799999e+02   1.7504519e-21
   2.4899999e+02   1.7500060e-21
   2.4999999e+02   8.7493231e-22
