NE20 34.163898 -106.7733
NE40 34.242901 -106.584099
NE60 34.392799 -106.511299
W10 34.074299 -107.097702
W40 34.065601 -107.454697
W60 34.038502 -107.607498
1002 34.305466 -106.938232
1003 34.272987 -107.063019
1004 34.268093 -107.060791
1005 34.350864 -106.992233
1006 34.265446 -107.057945
1007 34.284199 -107.063599
1008 34.266247 -107.059013
1009 34.252403 -107.001945
1010 34.358475 -106.987167
1011 34.346462 -106.99382
1012 34.26955 -107.061058
1013 34.350098 -106.992287
1014 34.254288 -107.007904
1015 34.276524 -107.064804
1016 34.270798 -107.061363
1017 34.252518 -106.998466
1018 34.279423 -107.06263
1019 34.274727 -107.064377
1020 34.349697 -106.992332
1021 34.280598 -107.062706
1022 34.28231 -107.062904
1023 34.254192 -107.0056
1024 34.251881 -107.00016
1025 34.254715 -107.009598
1026 34.289593 -106.922844
1027 34.253422 -107.003838
1028 34.277992 -107.063148
1029 34.252876 -106.996338
1030 34.250805 -106.956627
1031 34.264977 -106.925659
1032 34.253429 -106.994392
1033 34.28738 -106.922752
1034 34.253914 -106.982132
1035 34.253658 -106.992119
1036 34.254387 -106.983902
1037 34.252666 -106.971336
1038 34.254047 -106.990021
1039 34.253246 -106.976128
1040 34.254288 -106.986664
1041 34.253696 -106.979225
1042 34.292892 -106.92263
1043 34.285133 -106.922768
1044 34.253212 -106.974205
1045 34.251686 -106.9674
1046 34.275982 -106.923019
1047 34.250759 -106.964844
1048 34.293289 -106.914352
1049 34.250786 -106.926826
1050 34.251575 -106.96933
1051 34.280247 -106.922791
1052 34.282623 -106.922813
1053 34.251591 -106.954285
1054 34.249763 -106.958466
1055 34.271805 -106.923859
1056 34.251133 -106.95108
1057 34.251087 -106.947319
1058 34.249893 -106.961586
1059 34.251846 -106.936302
1060 34.252377 -106.942703
1061 34.252178 -106.940987
1062 34.251137 -106.933807
1063 34.25185 -106.945282
1064 34.395657 -106.876595
1065 34.250912 -106.929077
1066 34.302429 -106.92421
1067 34.376476 -106.898125
1068 34.252132 -106.938736
1069 34.398884 -106.86924
1070 34.268402 -106.924744
1071 34.250835 -106.931747
1072 34.270615 -106.924164
1073 34.36882 -106.899704
1074 34.387337 -106.894341
1075 34.278004 -106.923721
1076 34.397133 -106.873245
1077 34.390919 -106.887627
1078 34.252613 -106.926735
1079 34.257275 -106.926697
1080 34.392185 -106.884682
1081 34.260406 -106.926849
1082 34.263271 -106.926094
1083 34.284107 -106.922752
1084 34.267048 -106.925102
1085 34.389305 -106.891357
1086 34.255116 -106.926704
1087 34.25948 -106.927094
1088 34.295849 -106.920929
1089 34.302223 -106.928116
1090 34.293961 -106.916672
1091 34.37859 -106.897514
1092 34.294743 -106.919098
1093 34.292625 -106.91217
1094 34.380756 -106.896873
1095 34.291988 -106.909988
1096 34.296322 -106.922867
1097 34.290882 -106.906181
1098 34.294773 -106.922844
1099 34.291611 -106.908615
1100 34.303257 -106.926292
1101 34.34087 -106.899193
1102 34.288967 -106.900307
1103 34.290516 -106.903709
1104 34.289536 -106.902283
1105 34.298233 -106.922646
1106 34.374939 -106.898506
1107 34.304684 -106.937881
1108 34.29108 -106.922852
1109 34.292027 -106.901047
1110 34.290531 -106.900253
1111 34.301399 -106.932335
1112 34.302574 -106.935944
1113 34.293106 -106.901611
1114 34.294277 -106.902031
1115 34.299503 -106.923523
1116 34.419529 -106.67849
1117 34.300621 -106.92382
1118 34.420845 -106.678841
1119 34.421963 -106.679138
1120 34.407368 -106.676132
1121 34.417877 -106.678505
1122 34.377689 -106.678406
1123 34.404346 -106.59243
1124 34.414177 -106.678459
1125 34.416706 -106.678482
1126 34.412582 -106.678459
1127 34.415527 -106.678459
1128 34.410896 -106.678452
1129 34.414734 -106.991226
1130 34.40834 -106.67849
1131 34.409718 -106.678436
1132 34.407394 -106.677551
1133 34.302143 -106.933571
1134 34.405087 -106.678253
1135 34.352722 -106.990784
1136 34.405365 -106.595116
1137 34.40453 -106.676926
1138 34.39819 -107.005119
1139 34.40358 -106.678246
1140 34.303768 -106.936928
1141 34.395786 -106.678345
1142 34.402115 -106.678261
1143 34.3983 -106.678329
1144 34.406357 -106.60154
1145 34.400265 -106.678314
1146 34.406528 -106.678246
1147 34.390041 -106.678375
1148 34.382931 -106.678322
1149 34.393299 -106.678383
1150 34.386681 -106.678391
1151 34.379845 -106.678421
1152 34.373459 -106.680145
1153 34.36858 -106.682739
1154 34.363323 -106.685509
1155 34.357449 -106.688515
1156 34.353188 -106.690727
1157 34.348129 -106.693451
1158 34.341328 -106.697021
1159 34.335213 -106.700226
1160 34.329098 -106.703468
1161 34.323833 -106.706223
1162 34.318329 -106.709206
1163 34.313599 -106.711517
1164 34.308594 -106.714378
1165 34.291466 -106.725128
1166 34.299217 -106.716988
1167 34.295101 -106.718002
1168 34.290352 -106.720711
1169 34.286728 -106.723122
1170 34.283871 -106.726692
1171 34.280193 -106.730019
1172 34.27729 -106.73291
1173 34.27441 -106.7351
1175 34.270695 -106.739082
1176 34.271084 -106.743164
1177 34.271278 -106.747543
1178 34.273567 -106.923409
1179 34.271481 -106.757744
1180 34.271454 -106.762932
1181 34.271507 -106.76725
1182 34.271511 -106.772041
1183 34.269695 -106.775925
1184 34.266747 -106.777237
1185 34.263847 -106.777374
1186 34.261501 -106.780869
1187 34.258308 -106.781998
1188 34.254902 -106.783546
1189 34.250771 -106.78521
1190 34.247662 -106.786461
1191 34.243149 -106.788681
1192 34.238239 -106.790756
1193 34.23457 -106.792473
1194 34.230606 -106.794365
1195 34.25618 -106.673164
1196 34.408772 -106.9869
1197 34.223591 -106.796867
1198 34.220207 -106.797852
1199 34.217785 -106.797455
1200 34.215027 -106.79744
1201 34.212288 -106.797539
1202 34.214504 -106.793541
1203 34.216702 -106.790321
1204 34.219128 -106.787308
1205 34.220612 -106.784355
1206 34.222008 -106.780502
1207 34.220974 -106.777328
1208 34.219696 -106.774734
1209 34.294861 -107.061058
1210 34.218864 -106.695831
1211 34.215973 -106.770119
1212 34.213596 -106.767891
1213 34.406139 -106.991951
1214 34.213634 -106.762321
1215 34.212059 -106.760361
1216 34.211674 -106.757629
1217 34.221184 -106.771019
1218 34.224052 -106.769424
1219 34.22739 -106.767365
1220 34.231178 -106.765038
1221 34.233353 -106.76078
1222 34.220589 -106.710167
1223 34.240108 -106.751274
1224 34.242702 -106.748642
1225 34.252956 -106.67308
1226 34.251369 -106.741089
1227 34.221165 -106.704323
1228 34.26004 -106.735184
1229 34.265072 -106.731934
1230 34.26786 -106.734085
1231 34.404102 -106.675201
1233 34.402958 -106.67054
1234 34.402306 -106.667786
1235 34.40176 -106.665657
1236 34.40065 -106.663307
1237 34.398884 -106.661583
1238 34.396358 -106.659515
1239 34.394253 -106.657799
1240 34.392036 -106.656052
1241 34.39024 -106.654617
1242 34.388054 -106.652847
1243 34.385887 -106.651123
1244 34.3839 -106.649376
1245 34.381649 -106.647728
1246 34.379093 -106.645721
1247 34.376667 -106.643806
1248 34.373653 -106.641434
1249 34.371288 -106.639572
1250 34.368763 -106.63765
1251 34.366467 -106.635841
1252 34.364063 -106.633965
1253 34.361507 -106.631943
1254 34.358734 -106.629791
1255 34.294788 -106.737831
1256 34.355392 -106.624031
1257 34.358738 -106.623451
1258 34.361561 -106.623283
1259 34.363834 -106.621674
1260 34.365765 -106.61956
1261 34.368198 -106.61792
1262 34.353157 -106.625259
1263 34.356159 -106.627769
1264 34.350067 -106.62262
1265 34.348145 -106.621239
1266 34.345539 -106.620392
1267 34.343849 -106.621773
1268 34.342117 -106.623276
1269 34.370796 -106.616089
1270 34.373665 -106.614098
1271 34.376503 -106.612228
1272 34.379742 -106.610374
1273 34.383049 -106.609161
1274 34.386181 -106.608604
1275 34.389462 -106.607742
1276 34.393002 -106.606384
1277 34.396412 -106.605537
1278 34.399818 -106.605522
1279 34.402607 -106.605324
1280 34.405491 -106.605186
1281 34.407406 -106.606194
1282 34.407413 -106.608368
1283 34.407398 -106.610809
1284 34.407398 -106.613274
1285 34.407398 -106.616302
1286 34.407394 -106.619225
1287 34.407391 -106.622231
1288 34.407387 -106.625908
1289 34.407413 -106.629883
1290 34.407402 -106.633804
1291 34.407402 -106.638435
1292 34.407398 -106.643349
1293 34.407364 -106.648567
1294 34.407372 -106.653847
1295 34.407372 -106.65892
1296 34.407352 -106.663307
1297 34.407368 -106.66629
1298 34.407372 -106.669701
1299 34.407372 -106.671906
1300 34.407372 -106.67392
1301 34.339958 -106.625099
1302 34.33786 -106.626907
1303 34.335983 -106.628593
1304 34.291782 -106.728996
1305 34.29351 -106.735046
1306 34.329884 -106.634056
1307 34.327911 -106.635818
1308 34.325222 -106.638199
1309 34.322845 -106.640305
1310 34.320129 -106.642776
1311 34.317207 -106.645432
1312 34.314564 -106.64782
1313 34.31292 -106.649368
1314 34.311218 -106.651154
1315 34.309765 -106.65274
1316 34.305511 -106.655968
1317 34.302532 -106.657539
1318 34.39558 -107.010201
1319 34.40976 -106.980698
1320 34.409962 -106.984245
1321 34.405338 -106.994087
1322 34.292564 -106.732056
1323 34.300014 -106.658875
1324 34.296993 -106.6605
1325 34.294888 -106.661629
1326 34.296486 -106.747467
1327 34.29184 -106.663261
1328 34.220364 -106.697609
1329 34.288219 -106.665161
1330 34.285976 -106.666344
1331 34.295719 -106.753494
1332 34.282982 -106.667992
1333 34.249359 -106.674309
1334 34.280003 -106.669884
1335 34.27898 -106.671455
1336 34.302982 -106.773994
1337 34.276016 -106.673714
1338 34.230854 -106.678108
1339 34.273712 -106.675949
1340 34.272682 -106.67746
1342 34.277859 -106.677216
1343 34.301163 -106.769936
1344 34.282188 -106.679176
1345 34.28413 -106.680107
1346 34.28606 -106.681068
1347 34.288025 -106.682091
1348 34.296326 -106.762054
1349 34.29147 -106.683891
1350 34.29414 -106.685074
1351 34.296413 -106.738831
1352 34.297848 -106.686501
1353 34.301956 -106.688087
1354 34.30492 -106.690208
1355 34.295662 -106.757912
1356 34.307499 -106.692009
1357 34.310051 -106.693871
1358 34.312092 -106.695366
1359 34.3148 -106.697311
1360 34.31768 -106.699463
1361 34.320126 -106.70118
1362 34.32246 -106.702682
1363 34.321056 -106.707748
1364 34.327274 -106.704407
1365 34.325661 -106.708191
1366 34.326324 -106.711037
1367 34.417698 -106.992775
1368 34.332191 -106.701782
1369 34.316322 -106.710289
1370 34.301201 -106.930748
1371 34.405426 -106.68026
1372 34.405876 -106.682114
1373 34.406322 -106.683876
1374 34.407143 -106.687263
1375 34.407406 -106.692657
1376 34.401726 -107.001495
1377 34.407421 -106.69001
1378 34.406036 -106.598129
1379 34.269932 -106.677299
1380 34.268105 -106.677971
1381 34.265484 -106.678078
1382 34.241959 -106.675308
1383 34.262329 -106.675156
1384 34.260235 -106.673477
1385 34.260159 -106.670578
1386 34.25983 -106.666428
1387 34.260502 -106.662804
1388 34.261139 -106.65963
1389 34.26284 -106.656609
1390 34.263336 -106.652901
1391 34.264137 -106.648628
1392 34.264111 -106.644325
1393 34.263485 -106.640816
1394 34.265968 -106.638992
1395 34.267593 -106.636269
1396 34.268513 -106.632767
1397 34.268913 -106.629349
1398 34.269787 -106.625801
1399 34.270947 -106.622086
1400 34.245537 -106.674408
1401 34.238293 -106.676552
1402 34.222717 -106.681824
1403 34.310078 -106.693909
1404 34.310055 -106.693893
1405 34.217728 -106.772621
1406 34.234821 -106.757294
1407 34.310066 -106.693901
1408 34.280888 -106.678612
1409 34.217758 -106.772614
1410 34.310074 -106.693886
1411 34.217697 -106.772614
1412 34.217697 -106.772575
1413 34.217728 -106.772568
1414 34.217754 -106.772583
1415 34.217201 -106.717339
1416 34.248741 -106.742867
1417 34.245869 -106.745461
1418 34.225563 -106.680183
1419 34.254368 -106.739059
1420 34.384838 -106.911674
1421 34.254585 -106.983887
1422 34.296959 -106.576508
1423 34.405228 -106.999031
1424 34.310707 -106.571014
1425 34.295067 -106.576912
1426 34.407825 -106.987915
1427 34.293102 -106.578041
1428 34.291332 -106.580627
1429 34.292618 -106.579102
1430 34.293999 -106.57737
1431 34.395699 -107.007919
1432 34.298222 -106.57637
1433 34.300117 -106.575943
1434 34.301186 -106.575104
1435 34.302677 -106.574631
1436 34.304207 -106.574532
1437 34.305904 -106.573853
1438 34.307426 -106.572861
1439 34.309326 -106.571739
1440 34.405197 -106.996521
1441 34.312855 -106.569412
1442 34.31435 -106.568375
1443 34.315735 -106.566818
1444 34.317127 -106.564949
1445 34.318691 -106.564079
1446 34.321156 -106.563736
1447 34.322765 -106.561737
1448 34.320236 -106.563942
1449 34.324444 -106.560425
1450 34.326557 -106.560379
1451 34.32761 -106.558426
1452 34.329792 -106.557426
1453 34.332096 -106.557259
1454 34.334286 -106.556648
1455 34.337112 -106.556458
1456 34.339687 -106.555779
1457 34.342243 -106.554527
1458 34.34465 -106.553185
1459 34.347115 -106.55249
1460 34.349438 -106.551918
1461 34.352348 -106.551834
1462 34.355103 -106.550018
1463 34.357635 -106.549339
1464 34.360104 -106.548477
1465 34.361477 -106.546814
1466 34.362469 -106.54464
1467 34.363518 -106.542191
1468 34.364483 -106.539536
1469 34.36462 -106.536674
1470 34.364651 -106.534065
1471 34.40258 -106.585571
1472 34.366325 -106.532593
1473 34.367634 -106.532906
1474 34.40358 -106.588303
1475 34.370628 -106.533318
1476 34.37241 -106.533409
1477 34.374107 -106.534004
1478 34.397373 -107.005981
1479 34.376621 -106.533173
1480 34.3787 -106.532814
1481 34.380325 -106.531647
1482 34.381859 -106.531639
1483 34.383812 -106.530571
1484 34.385426 -106.528709
1485 34.386166 -106.525238
1486 34.387672 -106.524231
1487 34.38974 -106.523605
1488 34.391758 -106.523293
1489 34.393707 -106.522438
1490 34.395897 -106.521706
1491 34.398281 -106.521561
1492 34.400452 -106.521996
1493 34.402431 -106.521355
1494 34.405701 -106.520821
1495 34.407639 -106.521751
1496 34.408733 -106.523003
1497 34.410824 -106.52359
1498 34.399597 -106.578873
1499 34.412136 -106.522842
1500 34.414047 -106.522575
1501 34.415615 -106.521561
1502 34.417236 -106.520142
1503 34.418243 -106.519547
1504 34.4002 -106.580734
1505 34.398907 -106.576485
1506 34.222218 -106.797928
1507 34.298267 -106.764511
1508 34.245567 -106.787552
1509 34.332973 -106.631294
1510 34.271236 -106.619911
1511 34.319221 -106.643631
1512 34.316006 -106.646523
1513 34.296139 -106.750107
1514 34.3041 -106.776123
1515 34.27182 -106.754639
1516 34.409374 -106.977806
1517 34.311691 -106.712578
1518 34.302132 -106.716599
1519 34.306999 -106.716255
1520 34.30196 -106.772018
1521 34.291676 -106.719505
1522 34.257282 -106.737068
1523 34.282532 -106.727898
1524 34.221001 -106.686913
1525 34.218262 -106.713318
1526 34.237801 -106.753563
1527 34.226791 -106.79599
1528 34.216454 -106.720688
1529 34.262505 -106.733566
1530 34.406898 -106.989754
1531 34.339741 -106.743538
1532 34.338379 -106.74041
1533 34.336575 -106.736038
1534 34.335274 -106.732079
1535 34.333569 -106.728279
1536 34.331787 -106.724525
1537 34.330448 -106.721313
1538 34.300438 -106.766899
1539 34.328575 -106.717201
1540 34.327175 -106.713699
1541 34.37146 -106.68116
1542 34.375343 -106.679146
1543 34.360554 -106.686966
1544 34.343628 -106.695831
1545 34.339558 -106.697922
1546 34.345978 -106.694557
1547 34.365978 -106.684059
1548 34.350513 -106.692139
1549 34.355614 -106.689499
1550 34.295799 -106.743652
1551 34.337467 -106.699059
1554 34.073513 -106.920662
1555 34.073509 -106.920685
1556 34.073524 -106.92067
1557 34.073524 -106.92067
1558 34.254597 -106.983871
1559 34.357498 -106.988937
1560 34.254597 -106.983849
1561 34.254566 -106.983841
1562 34.384827 -106.911667
1563 34.384811 -106.91169
1564 34.386154 -106.910065
1565 34.384239 -106.911987
1566 34.384808 -106.911682
1567 34.400002 -106.867348
1568 34.404297 -106.864738
1569 34.398125 -106.870949
1570 34.404881 -106.867599
1571 34.405293 -106.869545
1572 34.40567 -106.871513
1573 34.406078 -106.873405
1574 34.406452 -106.87529
1575 34.406803 -106.877121
1576 34.407188 -106.878838
1577 34.407528 -106.880737
1578 34.393303 -106.882088
1579 34.407967 -106.88295
1580 34.408298 -106.884468
1581 34.408596 -106.885986
1582 34.409008 -106.887718
1583 34.409355 -106.889526
1584 34.409775 -106.891502
1585 34.40979 -106.893288
1586 34.416267 -106.992241
1587 34.40921 -106.895004
1588 34.407997 -106.896576
1589 34.40699 -106.89817
1590 34.38483 -106.895378
1591 34.40694 -106.900787
1592 34.406528 -106.902512
1593 34.411324 -106.991814
1594 34.40572 -106.905128
1595 34.38298 -106.896103
1596 34.40522 -106.907135
1597 34.40485 -106.908661
1598 34.418488 -107.002838
1599 34.404778 -106.91169
1600 34.404774 -106.914055
1601 34.418324 -107.000511
1602 34.404854 -106.916939
1603 34.405197 -106.918739
1604 34.404968 -106.920876
1605 34.399548 -107.003716
1606 34.405598 -106.923775
1607 34.406902 -106.925858
1608 34.419285 -107.006607
1609 34.407505 -106.928764
1610 34.407921 -106.930878
1611 34.418026 -106.997948
1612 34.408657 -106.934364
1613 34.409279 -106.937347
1614 34.404442 -106.999657
1615 34.409889 -106.940231
1616 34.410374 -106.942574
1617 34.410923 -106.945274
1618 34.418999 -107.004494
1619 34.411373 -106.947395
1620 34.411652 -106.949715
1621 34.411831 -106.951866
1622 34.411942 -106.953766
1623 34.41143 -106.955727
1624 34.411125 -106.957542
1625 34.411129 -106.959511
1626 34.410831 -106.961838
1627 34.411282 -106.964348
1628 34.411179 -106.967087
1629 34.411842 -106.970062
1630 34.411671 -106.971512
1631 34.41016 -106.973145
1632 34.396931 -107.006424
1633 34.417847 -106.995811
1634 34.409782 -106.975555
1635 34.411858 -106.968605
1636 34.362587 -106.900444
1637 34.362835 -106.964783
1638 34.353653 -106.990677
1639 34.364109 -106.963875
1640 34.36499 -106.963112
1641 34.400616 -107.002693
1642 34.366219 -106.961975
1643 34.348316 -106.992599
1644 34.367592 -106.96125
1645 34.341961 -106.899376
1646 34.368832 -106.960327
1647 34.355835 -106.989746
1648 34.369061 -106.957947
1649 34.408962 -106.994141
1650 34.369579 -106.955208
1651 34.346973 -106.993385
1652 34.370373 -106.952927
1653 34.370766 -106.951439
1654 34.365688 -106.900162
1655 34.371449 -106.948875
1656 34.358315 -106.987656
1657 34.372005 -106.946564
1658 34.372513 -106.945084
1659 34.40276 -107.000458
1660 34.373341 -106.942688
1661 34.347252 -106.993149
1662 34.374554 -106.940048
1663 34.348946 -106.992424
1664 34.376122 -106.936798
1665 34.377159 -106.934563
1666 34.377926 -106.932724
1667 34.378761 -106.930908
1668 34.379627 -106.929192
1669 34.380287 -106.927612
1670 34.380962 -106.92569
1671 34.381241 -106.923439
1672 34.381523 -106.921379
1673 34.38166 -106.919144
1674 34.382214 -106.917068
1675 34.382446 -106.914742
1676 34.383461 -106.912796
1677 34.384846 -106.911674
1678 34.385532 -106.91082
1679 34.387215 -106.908485
1680 34.388443 -106.906433
1681 34.389477 -106.904602
1682 34.390778 -106.90239
1683 34.392021 -106.900612
1684 34.393375 -106.898834
1685 34.394547 -106.897232
1686 34.39587 -106.895355
1687 34.397171 -106.893417
1688 34.398209 -106.891121
1689 34.399246 -106.88929
1690 34.400787 -106.888344
1691 34.402073 -106.88739
1692 34.403412 -106.886475
1693 34.404682 -106.885658
1694 34.405682 -106.884094
1695 34.406425 -106.882797
1696 34.262127 -107.058876
1697 34.26368 -107.058647
1698 34.347843 -106.99279
1699 34.261803 -107.05674
1701 34.26099 -107.052483
1702 34.26009 -107.050751
1703 34.259914 -107.049049
1704 34.260479 -107.048126
1705 34.261059 -107.046227
1706 34.261723 -107.04483
1707 34.26276 -107.044411
1708 34.263275 -107.043076
1709 34.263683 -107.041496
1710 34.264282 -107.039948
1711 34.26432 -107.038231
1712 34.264427 -107.036575
1714 34.264297 -107.033379
1715 34.35989 -106.984062
1716 34.263203 -107.031258
1717 34.346024 -106.994453
1718 34.262272 -107.029984
1719 34.261223 -107.028427
1720 34.261066 -107.026978
1721 34.260612 -107.025856
1722 34.259941 -107.024734
1723 34.359531 -106.984856
1724 34.258911 -107.023529
1725 34.257977 -107.023102
1726 34.256893 -107.022522
1727 34.352325 -106.990799
1728 34.25526 -107.022049
1729 34.358932 -106.985809
1730 34.254227 -107.02195
1731 34.252411 -107.021942
1732 34.251411 -107.022003
1733 34.249962 -107.021996
1734 34.412884 -106.990913
1735 34.357983 -106.988319
1736 34.248547 -107.021179
1737 34.247227 -107.020935
1738 34.248199 -107.020004
1739 34.351498 -106.991074
1740 34.248821 -107.019173
1741 34.248772 -107.018242
1742 34.248737 -107.017441
1743 34.248383 -107.017227
1744 34.249119 -107.01619
1746 34.251507 -107.013504
1747 34.25317 -107.012878
1748 34.254837 -107.011612
1749 34.354321 -106.990295
1750 34.285984 -107.06382
1751 34.287609 -107.063316
1752 34.289703 -107.063782
1753 34.291073 -107.063004
1754 34.292812 -107.062462
1755 34.294262 -107.06147
1756 34.295647 -107.060501
1757 34.29678 -107.059982
1758 34.297997 -107.059639
1759 34.299103 -107.059387
1760 34.405933 -106.521103
1762 34.401531 -106.583115
1763 34.405708 -106.520844
1764 34.405697 -106.520805
1765 34.405689 -106.520828
1766 34.405689 -106.520828
1767 34.361008 -106.965065
1768 34.353134 -106.990814
1769 34.359283 -106.965858
1770 34.394642 -106.879044
1771 34.359718 -106.968216
1772 34.351048 -106.991318
1773 34.360397 -106.970467
1774 34.373051 -106.898903
1775 34.360664 -106.973167
1776 34.354961 -106.990059
1777 34.360771 -106.975243
1778 34.356396 -106.989525
1779 34.360683 -106.977135
1780 34.360107 -106.981697
1781 34.360748 -106.979156
1782 34.361012 -106.980247
1783 34.21114 -106.754631
1784 34.227646 -106.680458
1785 34.210289 -106.748878
1786 34.210079 -106.74617
1787 34.223049 -106.700394
1788 34.210743 -106.741035
1789 34.211422 -106.737755
1790 34.235157 -106.677788
1791 34.213467 -106.733147
1792 34.221115 -106.692604
1793 34.215504 -106.730545
1794 34.217709 -106.727058
1795 34.222168 -106.68425
1796 34.215305 -106.724464
1797 34.358906 -106.900642
1798 34.357212 -106.901009
1799 34.355286 -106.901024
1800 34.353294 -106.900665
1801 34.351463 -106.900543
1802 34.349861 -106.900452
1803 34.348518 -106.90033
1804 34.346821 -106.900124
1805 34.345097 -106.899879
1806 34.343708 -106.899651
1807 34.360779 -106.900574
1808 34.3643 -106.900307
1809 34.36718 -106.900002
1810 34.37014 -106.899506
1811 34.371529 -106.899208
MBB04 34.029999 -106.852997
EP00 34.073299 -106.919296
NP02 34.074001 -106.918999
SP00 34.074001 -106.918999
WP00 34.073299 -106.919296
WP01 34.073299 -106.919296
WP02 34.073299 -106.919296
EP00 34.073299 -106.919296
EP01 34.073299 -106.919296
EP02 34.073299 -106.919296
EP03 34.073299 -106.919296
EP04 34.073299 -106.919296
NP02 34.074001 -106.918999
SP00 34.074001 -106.918999
SP01 34.073502 -106.9188
SP02 34.073502 -106.9188
SP03 34.073502 -106.9188
SP04 34.073502 -106.9188
SP05 34.073502 -106.9188
SP06 34.073502 -106.9188
SP07 34.073502 -106.9188
SP08 34.073502 -106.9188
SP09 34.073502 -106.9188
WP00 34.073299 -106.919296
WP01 34.073299 -106.919296
WP02 34.073299 -106.919296
WP03 34.073299 -106.919296
WP04 34.073299 -106.919296
EP00 34.073299 -106.919296
EP01 34.073299 -106.919296
EP02 34.073299 -106.919296
EP03 34.073299 -106.919296
EP04 34.073299 -106.919296
NP02 34.074001 -106.918999
SP00 34.074001 -106.918999
SP01 34.073502 -106.9188
SP02 34.073502 -106.9188
SP03 34.073502 -106.9188
SP04 34.073502 -106.9188
SP05 34.073502 -106.9188
SP06 34.073502 -106.9188
SP07 34.073502 -106.9188
SP08 34.073502 -106.9188
SP09 34.073502 -106.9188
WP00 34.073299 -106.919296
WP01 34.073299 -106.919296
WP02 34.073299 -106.919296
WP03 34.073299 -106.919296
WP04 34.073299 -106.919296
EP00 34.073299 -106.919296
EP02 34.073299 -106.919296
EP03 34.073299 -106.919296
EP04 34.073299 -106.919296
NP02 34.074001 -106.918999
NP09 34.0737 -106.918999
SP00 34.074001 -106.918999
SP01 34.073502 -106.9188
SP02 34.073502 -106.9188
SP03 34.073502 -106.9188
SP04 34.073502 -106.9188
SP05 34.073502 -106.9188
SP06 34.073502 -106.9188
SP07 34.073502 -106.9188
SP08 34.073502 -106.9188
SP09 34.073502 -106.9188
WP00 34.073299 -106.919296
WP01 34.073299 -106.919296
WP02 34.073299 -106.919296
WP03 34.073299 -106.919296
WP04 34.073299 -106.919296
EP00 34.073299 -106.919296
EP01 34.073299 -106.919296
EP02 34.073299 -106.919296
EP03 34.073299 -106.919296
EP04 34.073299 -106.919296
NP02 34.074001 -106.918999
NP09 34.0737 -106.918999
SP00 34.074001 -106.918999
SP01 34.073502 -106.9188
SP02 34.073502 -106.9188
SP03 34.073502 -106.9188
SP04 34.073502 -106.9188
SP05 34.073502 -106.9188
SP06 34.073502 -106.9188
SP07 34.073502 -106.9188
SP08 34.073502 -106.9188
SP09 34.073502 -106.9188
WP00 34.073299 -106.919296
WP01 34.073299 -106.919296
WP02 34.073299 -106.919296
WP03 34.073299 -106.919296
WP04 34.073299 -106.919296
EP00 34.073299 -106.919296
EP01 34.073299 -106.919296
EP02 34.073299 -106.919296
EP03 34.073299 -106.919296
EP04 34.073299 -106.919296
NP00 34.0737 -106.918999
NP01 34.0737 -106.918999
NP02 34.074001 -106.918999
NP03 34.0737 -106.918999
NP04 34.0737 -106.918999
NP05 34.074001 -106.918999
NP06 34.0737 -106.918999
NP07 34.0737 -106.918999
NP08 34.0737 -106.918999
NP09 34.0737 -106.918999
SP00 34.074001 -106.918999
SP01 34.073502 -106.9188
SP02 34.073502 -106.9188
SP03 34.073502 -106.9188
SP04 34.073502 -106.9188
SP05 34.073502 -106.9188
SP06 34.073502 -106.9188
SP07 34.073502 -106.9188
SP07 34.073502 -106.9188
SP08 34.073502 -106.9188
SP09 34.073502 -106.9188
WP00 34.073299 -106.919296
WP01 34.073299 -106.919296
WP02 34.074001 -106.918999
WP03 34.073299 -106.919296
WP04 34.073299 -106.919296
BAR 34.150002 -106.627831
BMT 34.275002 -107.260162
CAR 33.952499 -106.734497
CARB 33.952869 -106.73555
LAZ 34.241199 -107.013931
LEM 34.165501 -106.974167
LPM 34.3116 -106.631836
MLM 34.814167 -107.144997
SBY 33.975166 -107.180664
SMC 33.778667 -107.019302
SRGE 34.047657 -106.859268
WTX 34.072166 -106.945831
Y22A 33.937 -106.965202
TVZX 34.073299 -106.919601
X21A 34.445702 -107.785698
X22A 34.505798 -107.010201
X23A 34.581001 -106.188103
Y21A 34.008701 -107.674004
Y22A 33.937 -106.965202
Y22C 34.0741 -106.921097
Y22D 34.073898 -106.920998
Y22E 34.0742 -106.920799
Y22F 34.0741 -106.920898
Y23A 33.931499 -106.054901
Z21A 33.308601 -107.671204
Z22A 33.255501 -106.963898
Z23A 33.2621 -106.231903
CNTR 33.978199 -107.186996
NELG 33.979198 -107.185699
NWLG 33.978901 -107.188797
SWLG 33.976601 -107.186401
ALMO 34.254601 -106.983902
BFTO 34.2178 -106.772598
BLSP 34.405701 -106.520897
MCKS 34.310101 -106.693901
PIC1 34.073502 -106.9207
POPO 34.384701 -106.911598
RFHQ 34.351799 -106.8834
NM27 34.3857 -106.524002
MB04 34.073837 -106.920151
MB04B 34.070911 -106.942245
NM22 33.840359 -105.868874
NM23 33.950268 -106.012398
NM24 34.046871 -106.119606
NM25 34.166935 -106.260521
NM26 34.263283 -106.363289
NM27 34.385624 -106.523865
NM28 34.540344 -106.70018
NM29 34.647236 -106.849121
NM30 34.742805 -106.973602
NM31 34.849113 -107.097565
SC19 33.518799 -105.974403
1209 34.0737 -106.918999
1755 34.0737 -106.918999
1756 34.0737 -106.918999
1757 34.0737 -106.918999
1758 34.0737 -106.918999
1759 34.0737 -106.918999
DBT2 33.957298 -106.845802
DBT2A 33.957298 -106.845802
DBTTP 33.957401 -106.845802
NP02 34.0737 -106.918999
NP04 34.0737 -106.918999
NP05 34.0737 -106.918999
NP06 34.0737 -106.918999
PETR 34.211498 -106.826202
SNKE 34.254501 -106.969498
DUNB 34.162601 -106.901703
BR3T 33.978409 -107.186684
DLE 33.978256 -107.186287
DLW 33.978275 -107.186264
FL3T 33.978413 -107.186684
FLEP 33.978416 -107.186699
FLTC 33.978443 -107.186691
FT3T 33.978367 -107.186729
MT3T 33.978413 -107.186722
MROI 33.979 -107.189003
