[('ANMO', 34.95  , -106.46 , 1820, 1,  2)
 ('BAR', 34.15  , -106.628, 2121, 1,  3)
 ('BMT', 34.275 , -107.26 , 1987, 1,  4)
 ('CAR', 33.9525, -106.734, 1658, 1,  5)
 ('CBET', 32.42  , -103.99 , 1042, 1,  6)
 ('CL2B', 32.23  , -103.88 , 2121, 1,  7)
 ('CL7', 32.44  , -103.81 , 1032, 1,  8)
 ('CPRX', 33.0308, -103.867, 1356, 1,  9)
 ('DAG', 32.5913, -104.691, 1277, 1, 10)
 ('GDL2', 32.2003, -104.364, 1213, 1, 11)
 ('HTMS', 32.47  , -103.6  , 1192, 1, 12)
 ('LAZ', 34.402 , -107.139, 1878, 1, 13)
 ('LEM', 34.166 , -106.972, 1698, 1,  1)
 ('LPM', 34.3117, -106.632, 1737, 1, 14)
 ('MLM', 34.81  , -107.145, 2088, 1, 15)
 ('SBY', 33.9752, -107.181, 3230, 1, 16)
 ('SMC', 33.7787, -107.019, 1560, 1, 17)
 ('SRH', 32.4914, -104.515, 1276, 1, 18)
 ('SSS', 32.35  , -103.41 , 1072, 1, 19)
 ('Y22A', 33.937 , -106.965, 1674, 1, 20)
 ('Y22D', 34.0739, -106.921, 1436, 1, 21)
 ('WTX', 34.0722, -106.946, 1555, 1, 22)]
('Name', 'Lat', 'Lon', 'Elevation', 'Type', 'Number')
['ANMO' 'BAR' 'BMT' 'CAR' 'CBET' 'CL2B' 'CL7' 'CPRX' 'DAG' 'GDL2' 'HTMS'
 'LAZ' 'LEM' 'LPM' 'MLM' 'SBY' 'SMC' 'SRH' 'SSS' 'Y22A' 'Y22D' 'WTX']
[34.95   34.15   34.275  33.9525 32.42   32.23   32.44   33.0308 32.5913
 32.2003 32.47   34.402  34.166  34.3117 34.81   33.9752 33.7787 32.4914
 32.35   33.937  34.0739 34.0722]
